global_2_robot
0.7071068, 0.7071068, 0, 0,
-0.7071068, 0.7071068, 0, 0,
0,0,1,233,
0,0,0,1

Kamera vlevo/zelená
032522250227:
5.451387763023376465e-01 5.369989871978759766e-01 -6.437824368476867676e-01 1.395662963867187500e+03
8.382231593132019043e-01 -3.359996974468231201e-01 4.295184910297393799e-01 -3.214739074707031250e+02
1.434029545634984970e-02 -7.737805247306823730e-01 -6.332914233207702637e-01 6.487402343750000000e+02
0.000000000000000000e+00 0.000000000000000000e+00 0.000000000000000000e+00 1.000000000000000000e+00

Kamera vpravo/žlutá
035122250184:
-8.952419757843017578e-01 -3.126420378684997559e-01 3.174850642681121826e-01 3.857767028808593750e+02
-4.423431158065795898e-01 5.378521680831909180e-01 -7.176681756973266602e-01 6.286585083007812500e+02
5.361321941018104553e-02 -7.829239964485168457e-01 -6.198028922080993652e-01 6.495682983398437500e+02
0.000000000000000000e+00 0.000000000000000000e+00 0.000000000000000000e+00 1.000000000000000000e+00

Kamera horní/červená (z vrchu vidí celé pracoviště)
032522250249:
7.231803536415100098e-01 -6.906485557556152344e-01 -3.847863757982850075e-03 5.963044433593750000e+02
-6.905946135520935059e-01 -7.230252623558044434e-01 -1.770605891942977905e-02 -1.633224182128906250e+02
9.446560405194759369e-03 1.546198781579732895e-02 -9.998358488082885742e-01 1.525179809570312500e+03
0.000000000000000000e+00 0.000000000000000000e+00 0.000000000000000000e+00 1.000000000000000000e+00

Kamera zadní/modrá (vidí pracovní prostor a osobu)
105322252074:
7.322525978088378906e-01 -4.679442048072814941e-01 4.948074221611022949e-01 2.558260650634765625e+02
-6.806578040122985840e-01 -5.269796252250671387e-01 5.089179277420043945e-01 -5.147831420898437500e+02
2.260824106633663177e-02 -7.094509601593017578e-01 -7.043920755386352539e-01 1.500686767578125000e+03
0.000000000000000000e+00 0.000000000000000000e+00 0.000000000000000000e+00 1.000000000000000000e+00